1700517282,437.00486213272296
1700517283,221.2047420642702
1700517284,963.0664207273702
1700517285,913.0110295019297
1700517286,416.86129790801743
1700517287,644.6045164099445
1700517288,388.8874262817203
1700517289,131.33680905900184
1700517290,528.8653468754295
1700517291,588.4883471256213
1700517292,640.2842791977727
1700517293,510.1304061486704
1700517294,288.73191298640836
1700517295,249.26014279859328
1700517296,951.8459095010264
1700517297,860.2029852454064
1700517298,462.5682020400132
1700517299,305.2649830976506
1700517300,781.1566992964522
1700517301,787.6365686919061
1700517302,768.5722528949317
1700517303,507.5501759500849
1700517304,783.7356418032924
1700517305,207.1050669219913
1700517306,568.8395482387991
1700517307,572.2884629800371
1700517308,378.43937505895843
1700517309,811.2571012026302
1700517310,262.55992169375565
1700517311,627.6541055643484
1700517312,194.4978754891801
1700517313,970.2655259554749
1700517314,837.7371371304516
1700517315,703.5236124012566
1700517316,584.4193597041939
1700517317,316.90789625436776
1700517318,630.6139044968191
1700517319,420.878407846851
1700517320,457.92234104458845
1700517321,627.2497293458056
1700517322,774.2512230564402
1700517323,823.1339512835763
1700517324,575.0361101655249
1700517325,208.069632993046
1700517326,689.5639247645139
1700517327,696.9795305610147
1700517328,630.4913754796426
1700517329,603.9287958660676
1700517330,132.21018431858067
1700517331,391.80732694164385
1700517332,231.90980891623005
1700517333,703.3441707709619
1700517334,189.5675154029028
1700517335,552.5417658557828
1700517336,364.19552882217664
1700517337,479.37220677785297
1700517338,531.4349831133216
1700517339,803.0640247806797
1700517340,948.8060283149216
1700517341,753.1671657582209
1700517342,166.39364908065164
1700517343,658.7911792939099
1700517344,994.1334524802353
1700517345,762.9732128522703
1700517346,333.081515904242
1700517347,835.9928107210507
1700517348,227.93768619703621
1700517349,939.2227854240754
1700517350,320.5344780228904
1700517351,759.054027759348
1700517352,141.77378101644172
1700517353,376.34369039957363
1700517354,145.62518464021446
1700517355,726.2953544618398
1700517356,119.00866723334
1700517357,658.4824346032605
1700517358,267.794735793531
1700517359,227.1198380016705
1700517360,519.517141163923
1700517361,363.2401126624138
1700517362,626.5061656437974
1700517363,801.8552641309826
1700517364,944.6927872039304
1700517365,798.2958824222823
1700517366,801.5576048135177
1700517367,629.1702718142009
1700517368,751.0140058997787
1700517369,214.01322673797412
1700517370,257.92026671567976
1700517371,445.88887390877505
1700517372,889.1949795196931
1700517373,209.25903267597067
1700517374,460.08497589102194
1700517375,594.4206779352728
1700517376,288.3550946350364
1700517377,756.0252081262062
1700517378,109.4416321484332
1700517379,112.65327313888247
1700517380,301.1341503379962
1700517381,854.6811391236253
1700517382,118.90642803387979
1700517383,128.73169487379127
1700517384,266.0214328417751
1700517385,794.9637040512393
1700517386,452.2405773392372
1700517387,101.70585552835834
1700517388,190.86726794811855
1700517389,320.2661334769994
1700517390,812.2660106710557
1700517391,894.7380904078311
1700517392,446.37698069818975
1700517393,533.9729490554407
1700517394,156.06197563608077
1700517395,941.6294579304358
1700517396,252.26012352421645
1700517397,596.8835421702105
1700517398,991.7895292026518
1700517399,895.6669219698961
1700517400,324.6108170613826
1700517401,899.2514039936957
1700517402,752.2199225649227
1700517403,628.3071259708981
1700517404,799.3601114271152
1700517405,946.6295454247586
1700517406,273.3320805838806
1700517407,890.5498076105112
1700517408,147.45161287332638
1700517409,401.8877234725399
1700517410,686.9661618418667
1700517411,911.1843986293466
1700517412,391.5937648967143
1700517413,470.18723247349953
1700517414,154.6767329529564
1700517415,305.83638337338266
1700517416,241.65597110126384
1700517417,842.9545024906282
1700517418,424.4815621834818
1700517419,581.8508847483122
1700517420,310.39372937862765
1700517421,569.0237866355287
1700517422,575.1976937312769
1700517423,740.5665119599824
1700517424,892.7270242644704
1700517425,433.84948410649014
1700517426,217.43295720907943
1700517427,994.775322319406
1700517428,671.7716936398251
1700517429,663.4925790073231
1700517430,945.7295075701461
1700517431,631.9601368660551
1700517432,978.8786022622156
1700517433,767.2534679236396
1700517434,450.4096570265263
1700517435,216.88583794578312
1700517436,400.58153952532587
1700517437,227.24789343854533
1700517438,550.610279957091
1700517439,123.21526203984334
1700517440,579.0926215609456
1700517441,463.35972262378044
1700517442,137.47422667267483
1700517443,369.4222919541656
1700517444,670.4337589215565
1700517445,711.4596360915925
1700517446,346.9414390226974
1700517447,446.67361756132493
1700517448,175.00485243645278
1700517449,240.1556564711042
1700517450,677.8751774824786
1700517451,586.8934260176042
1700517452,133.302300660765
1700517453,487.6511691316507
1700517454,804.8604590660931
1700517455,392.04242861734934
1700517456,587.233403057409
1700517457,142.53366998136244
1700517458,718.4467053279747
1700517459,365.14408068866135
1700517460,240.578285667436
1700517461,773.4692493623442
1700517462,424.5249895428492
1700517463,434.8277009811108
1700517464,605.0096444810674
1700517465,147.09143351697605
1700517466,486.0821662745922
1700517467,210.74386921189563
1700517468,175.46904712188172
1700517469,908.7861202777469
1700517470,458.27982930071136
1700517471,170.5835342336589
1700517472,413.91668095939303
1700517473,327.4188189346287
1700517474,399.1601234078082
1700517475,514.4175230296628
1700517476,567.5590780015817
1700517477,552.2220774187672
1700517478,981.3840134043816
1700517479,857.7909723312316
1700517480,462.99168738346685
1700517481,319.78493353371584
1700517482,901.0776716300367
1700517483,432.5744072064096
1700517484,872.4845979469866
1700517485,508.57094288421547
1700517486,331.1248861153706
1700517487,319.25848737144065
1700517488,204.12887177693614
1700517489,353.0748460002693
1700517490,923.3892359635779
1700517491,152.70375248900086
1700517492,149.12034780739475
1700517493,548.2508427334777
1700517494,879.9811849042565
1700517495,618.6928609801503
1700517496,904.0917973924959
1700517497,150.17354035067487
1700517498,728.3006388273815
1700517499,127.9175843371477
1700517500,759.1378692289871
1700517501,237.9541314457214
1700517502,360.449245971438
1700517503,904.0552098287346
1700517504,617.0745094881635
1700517505,851.1825743585574
1700517506,320.92821974193595
1700517507,530.9353710651242
1700517508,175.5561610403568
1700517509,222.83192543661357
1700517510,341.95656477989144
1700517511,661.9880836593443
1700517512,703.3871986693648
1700517513,708.0556129144368
1700517514,107.39422348342865
1700517515,458.4452416976595
1700517516,245.42588532574388
1700517517,882.7491029581179
1700517518,107.55272900729165
1700517519,348.96854026359983
1700517520,337.64550059813274
1700517521,819.453757965822
1700517522,998.2318587554627
1700517523,132.27096541907787
1700517524,272.29647944412295
1700517525,605.8667450026271
1700517526,429.7082203837944
1700517527,283.3001139547512
1700517528,471.0960189834032
1700517529,468.03926688523865
1700517530,773.9474587953116
1700517531,780.5315644855963
1700517532,865.1888526676087
1700517533,393.2201237983849
1700517534,606.6285411509548
1700517535,893.0125643404706
1700517536,921.3011854689777
1700517537,339.5974612199901
1700517538,742.0277915372612
1700517539,778.4719350254802
1700517540,272.5563368840326
1700517541,721.4706249466176
1700517542,545.822755580702
1700517543,973.2078980336054
1700517544,495.41529117793885
1700517545,504.92665669263766
1700517546,638.6350575667745
1700517547,368.30307301387165
1700517548,397.33930631351336
1700517549,131.09381832492
1700517550,765.2622326757383
1700517551,364.7548653761019
1700517552,495.7901278389011
1700517553,865.5008636031387
1700517554,117.02330429876649
1700517555,406.7995220833134
1700517556,862.5927171947836
1700517557,241.27927476113254
1700517558,423.64954252807973
1700517559,236.7469666281085
1700517560,109.4141883168985
1700517561,668.0826512114426
1700517562,772.9732494980556
1700517563,653.3924270121153
1700517564,579.8061943487893
1700517565,999.1568738430726
1700517566,750.3585830291568
1700517567,122.85467827340739
1700517568,229.60329854983019
1700517569,439.0555229268259
1700517570,788.9061788752964
1700517571,283.3726399383415
1700517572,277.97862455545555
1700517573,722.7802736702215
1700517574,577.5206778908964
1700517575,733.6186347735394
1700517576,817.5658117350622
1700517577,881.243199926858
1700517578,862.9734445618847
1700517579,527.7782720368978
1700517580,615.2279823560614
1700517581,311.77514735147145
1700517582,396.2749121469068
1700517583,587.5559308707856
1700517584,731.4024445717934
1700517585,665.975590956344
1700517586,624.9104860115614
1700517587,116.49743321257098
1700517588,859.2195434930373
1700517589,497.91683450558645
1700517590,640.3760193910529
1700517591,385.8792367254667
1700517592,212.97190322502667
1700517593,103.74524052604663
1700517594,835.5252985907869
1700517595,122.68790035434992
1700517596,590.9652123592923
1700517597,302.478104488049
1700517598,822.8971764020278
1700517599,557.9775815923331
1700517600,101.8415944681131
1700517601,971.1975983443222
1700517602,896.0105462102815
1700517603,795.3483630547134
1700517604,711.7897155458879
1700517605,788.7860900526205
1700517606,593.9458266142265
1700517607,687.7375885477561
1700517608,843.4918818732443
1700517609,209.01529698946126
1700517610,117.46349316960286
1700517611,911.9314844497288
1700517612,526.1322545852736
1700517613,778.516733130498
1700517614,422.7318228165938
1700517615,427.89037532060587
1700517616,844.2756577387489
1700517617,691.9456335526969
1700517618,409.08365185791183
1700517619,186.6516424961191
1700517620,912.6924959706841
1700517621,752.4909760387585
1700517622,522.5866955949853
1700517623,115.98192750739567
1700517624,301.1605756580657
1700517625,336.5245827113778
1700517626,832.1702043565194
1700517627,523.5550229505499
1700517628,384.69238021818273
1700517629,369.04640491359277
1700517630,380.7063659693814
1700517631,170.35443319750982
1700517632,543.4831129325834
1700517633,227.9712674066164
1700517634,221.16520336888806
1700517635,771.6223500702175
1700517636,771.8750929748411
1700517637,922.459296252825
1700517638,195.51250841959035
1700517639,187.16057758919993
1700517640,107.48820121073247
1700517641,250.91141859219155
1700517642,347.2596649343675
1700517643,106.41644576992994
1700517644,432.1089416586914
1700517645,717.0825395499211
1700517646,785.5493550702655
1700517647,141.68721729624662
1700517648,703.1369388434866
1700517649,352.62844054173945
1700517650,916.3112286808376
1700517651,827.6258597638694
1700517652,764.7338938599726
1700517653,398.64175589715967
1700517654,676.0274904954213
1700517655,267.4249281615397
1700517656,128.9314310672493
1700517657,298.49532755164853
1700517658,295.49536782859474
1700517659,107.33928405169338
1700517660,990.3356252798021
1700517661,989.8677859265126
1700517662,537.9179908219555
1700517663,695.7850391703533
1700517664,940.5377216082493
1700517665,249.29134772920514
1700517666,559.8763297188702
1700517667,647.6115852327964
1700517668,514.2109679123766
1700517669,475.9122943537838
1700517670,603.2441919278865
1700517671,683.1549971644649
1700517672,716.8725731595524
1700517673,858.3866951694222
1700517674,906.5954672164993
1700517675,417.3213127157634
1700517676,907.253694913338
1700517677,491.836981530347
1700517678,649.2869683780973
1700517679,959.7477400313693
1700517680,116.26382831679608
1700517681,364.3368517411671
1700517682,545.3996057739387
1700517683,639.0260100850556
1700517684,240.5698212580762
1700517685,806.4561973980399
1700517686,192.42337572710238
1700517687,196.35067498511262
1700517688,298.0255646947578
1700517689,124.39291890916249
1700517690,382.6403506115728
1700517691,366.77688922145285
1700517692,927.2765249874473
1700517693,513.4048015359324
1700517694,154.72561833281713
1700517695,806.0080054433554
1700517696,843.6341214690964
1700517697,364.734399975675
1700517698,429.0059765198202
1700517699,570.1999288713214
1700517700,327.09745417263844
1700517701,603.4287703792004
1700517702,582.0245172111211
1700517703,893.5476537059013
1700517704,645.7385776401026
1700517705,339.247393233486
1700517706,198.30052747421672
1700517707,655.0613439262123
1700517708,311.63141410707306
1700517709,733.4742181999991
1700517710,679.9807590038308
1700517711,614.9863163147578
1700517712,671.2910439333087
1700517713,953.6319619852819
1700517714,141.5665472250584
1700517715,940.2553873059835
1700517716,949.3881609221718
1700517717,595.9506335790476
1700517718,936.797736180344
1700517719,277.74318462385077
1700517720,154.21195519316132
1700517721,281.8276054164591
1700517722,352.3440849246725
1700517723,438.69343626552893
1700517724,620.797225456095
1700517725,131.48807520855544
1700517726,793.1546304872295
1700517727,801.3647268877602
1700517728,411.0447359837371
1700517729,168.26915704985242
1700517730,975.2784671545398
1700517731,221.5076796585244
1700517732,320.4608936730913
1700517733,722.2248093858574
1700517734,322.4721723961709
1700517735,276.3224829202778
1700517736,468.6472801826087
1700517737,553.0217371412083
1700517738,175.69578649759654
1700517739,525.2692613558539
1700517740,600.339997345657
1700517741,752.9589003183326
1700517742,766.8980701467622
1700517743,191.3486088935813
1700517744,816.5531249848208
1700517745,837.8957628894923
1700517746,583.881666503122
1700517747,901.7587437021737
1700517748,621.9003962954032
1700517749,337.8060250179508
1700517750,605.2228395312416
1700517751,969.4193245669217
1700517752,640.4836036029474
1700517753,598.6614119996444
1700517754,393.06274804132255
1700517755,669.0189887525441
1700517756,983.1457064617459
1700517757,783.23410320542
1700517758,716.8484671608079
1700517759,384.5642515285848
1700517760,136.02772327709602
1700517761,938.7385021677505
1700517762,911.7593884517341
1700517763,661.4945850658104
1700517764,890.3454552145176
1700517765,851.000296922574
1700517766,214.84262072964412
1700517767,956.4525298847325
1700517768,589.927759757484
1700517769,713.6396921417403
1700517770,208.97149959385814
1700517771,303.451023272014
1700517772,325.58521123134307
1700517773,854.2830063561757
1700517774,249.14605047977093
1700517775,361.7007246795169
1700517776,833.6651173899828
1700517777,169.38743834485095
1700517778,283.9212533854337
1700517779,165.35412349031105
1700517780,183.329654750427
1700517781,277.35893905818045
1700517782,851.2524663571602
1700517783,436.5457023614747
1700517784,256.12474965694304
1700517785,679.0296278152517
1700517786,483.87675935408697
1700517787,223.53528169616794
1700517788,625.4030599138495
1700517789,142.00122916395418
1700517790,887.1979008881832
1700517791,292.95219491752744
1700517792,526.2639694292227
1700517793,751.135566658578
1700517794,114.29411901756143
1700517795,281.56734599575697
1700517796,250.6011125326542
1700517797,736.408600972564
1700517798,200.74940235661347
1700517799,942.810630122116
1700517800,246.8054223898729
1700517801,978.5621240789907
1700517802,244.73909667916425
1700517803,366.1704663081482
1700517804,671.7157471567322
1700517805,695.4271535911772
1700517806,341.6949430769697
1700517807,363.28919463689596
1700517808,611.675284143041
1700517809,416.6384778131194
1700517810,562.8176545057946
1700517811,222.11260748360894
1700517812,136.72309081480097
1700517813,767.557499406017
1700517814,694.4404073186616
1700517815,467.08978154486425
1700517816,783.338974120925
1700517817,448.4224884396694
1700517818,306.40846133498405
1700517819,129.29709090896415
1700517820,434.3697716129683
1700517821,594.8665006761993
1700517822,732.1726594022832
1700517823,912.0321432180637
1700517824,789.9524155031047
1700517825,307.61089113765496
1700517826,652.9517216067403
1700517827,358.46807011998953
1700517828,791.4860947842112
1700517829,137.7475263414401
1700517830,664.1412614093882
1700517831,459.81065740784953
1700517832,145.12696487628295
1700517833,778.7405698055645
1700517834,857.8618994044036
1700517835,288.54730938085453
1700517836,761.225097870709
1700517837,549.7806300353506
1700517838,559.3882107270676
1700517839,118.60549978735429
1700517840,819.1879603934933
1700517841,654.3350757396463
1700517842,955.642437996337
1700517843,849.1305291069334
1700517844,876.8117382621242
1700517845,360.4839985815749
1700517846,364.1833946154727
1700517847,772.182300208771
1700517848,535.9950696298145
1700517849,853.9225140458218
1700517850,973.5845705906306
1700517851,933.9957386804796
1700517852,857.0162806049567
1700517853,421.72113314393164
1700517854,150.39870572215676
1700517855,293.984466688594
1700517856,743.3537059800336
1700517857,698.2101692116025
1700517858,775.3584349501707
1700517859,401.9561906987721
1700517860,772.0892139586226
1700517861,620.5600506362961
1700517862,717.1176314315359
1700517863,875.8918461178607
1700517864,301.34825283612395
1700517865,332.8053321808103
1700517866,897.6942205684869
1700517867,589.3858481538105
1700517868,431.93812334401474
1700517869,678.56184073363
1700517870,155.729706436478
1700517871,810.72211804917
1700517872,794.7885551904377
1700517873,208.33640870848825
1700517874,383.7743235829988
1700517875,330.93211821306477
1700517876,703.9615191406554
1700517877,349.15661150148344
1700517878,420.4600647614293
1700517879,722.4308169924094
1700517880,829.0072448296951
1700517881,186.23197088102924
1700517882,401.7033157583651
1700517883,775.4605894777138
1700517884,335.0323639354907
1700517885,580.0221251977722
1700517886,148.40781246955322
1700517887,503.1423506961806
1700517888,214.01943024354193
1700517889,440.16401520506065
1700517890,169.2047414686661
1700517891,368.3102525215883
1700517892,310.9805953279148
1700517893,861.4581871025896
1700517894,239.15294033067548
1700517895,132.76973339723259
1700517896,777.929553285156
1700517897,396.33547152723736
1700517898,169.93620684388785
1700517899,869.4775358290161
1700517900,548.3202890438745
1700517901,924.9500074541706
1700517902,158.4115828751855
1700517903,108.36117299100384
1700517904,839.3825665698068
1700517905,307.7621831292155
1700517906,813.3878223123252
1700517907,355.88385265694194
1700517908,821.1871365897422
1700517909,970.5688515422983
1700517910,442.5154575383855
1700517911,449.7084640798407
1700517912,539.2653673315745
1700517913,989.3876110333779
1700517914,855.749632615399
1700517915,879.1008944166678
1700517916,233.69821474262986
1700517917,998.7881610362947
1700517918,567.2595333179306
1700517919,160.55470182354838
1700517920,146.78760173670312
1700517921,194.23517286982872
1700517922,903.7296611808821
1700517923,170.87124492874275
1700517924,592.234883430978
1700517925,342.1300656730587
1700517926,682.7633100663054
1700517927,804.0385666966004
1700517928,962.7121591609308
1700517929,937.107742766939
1700517930,820.3912362710471
1700517931,710.251636224526
1700517932,566.8997163479892
1700517933,761.1357783867106
1700517934,557.8963021774143
1700517935,609.5279661273789
1700517936,233.15681650859506
1700517937,884.063000881302
1700517938,912.1630125281091
1700517939,485.2429063387854
1700517940,847.8411212280546
1700517941,847.5777131772772
1700517942,537.2776311408475
1700517943,115.4179776197821
1700517944,515.8082467914065
1700517945,674.9395984794925
1700517946,423.3354727164827
1700517947,462.9484516995278
1700517948,877.5022723607312
1700517949,589.2758727271913
1700517950,745.3226056324045
1700517951,485.182911886835
1700517952,253.27765209740673
1700517953,168.57235199326422
1700517954,801.1529667281559
1700517955,793.4559217447065
1700517956,925.4101395451813
1700517957,970.5857282332223
1700517958,838.3374004842556
1700517959,911.8046081250521
1700517960,143.7457800211517
1700517961,498.29754352451323
1700517962,545.0060688988669
1700517963,513.482384064572
1700517964,247.63508621791226
1700517965,646.183674396445
1700517966,532.7831898420795
1700517967,813.3810840331989
1700517968,736.7002630932692
1700517969,580.6156864384848
1700517970,750.6297749860389
1700517971,472.66212551262265
1700517972,808.4831046652016
1700517973,497.7631634369502
1700517974,665.9250192623373
1700517975,715.3971335154365
1700517976,920.7000933672208
1700517977,357.0048989696991
1700517978,475.7634592868547
1700517979,492.4028923312198
1700517980,125.09101525782681
1700517981,681.5922010647421
1700517982,814.0920171497147
1700517983,288.8177350905411
1700517984,547.140996324842
1700517985,191.2776132021596
1700517986,349.84162246606405
1700517987,112.13751437753385
1700517988,995.846604584425
1700517989,164.24759942631124
1700517990,209.6982187995714
1700517991,425.8250341871918
1700517992,751.5403332915444
1700517993,708.3422474352826
1700517994,560.122440085752
1700517995,385.44630340194635
1700517996,795.0200818194604
1700517997,449.35768664517127
1700517998,341.0351343967835
1700517999,396.9112788219495
1700518000,414.4164466568727
1700518001,612.7591618414481
1700518002,492.8256370503994
1700518003,348.5917683032316
1700518004,723.4263195470979
1700518005,922.3574047094502
1700518006,704.8770626602492
1700518007,999.0945153493631
1700518008,852.6729386827767
1700518009,548.0807799006234
1700518010,327.3013022358947
1700518011,629.0566601754177
1700518012,992.0235989576943
1700518013,445.93530315682864
1700518014,494.50695988482266
1700518015,685.415715011722
1700518016,974.541273637105
1700518017,480.2597527037026
1700518018,408.05181437490165
1700518019,842.47188903358
1700518020,992.8877195715871
1700518021,235.38291169105278
1700518022,351.61307624455486
1700518023,213.35492229743213
1700518024,105.981047603571
1700518025,928.3000640028848
1700518026,403.22900951753724
1700518027,351.66231806202313
1700518028,410.14289302293855
1700518029,113.19918101316719
1700518030,452.31669035357334
1700518031,554.776914768973
1700518032,932.6094329414619
1700518033,432.1855742588463
1700518034,111.07358062949409
1700518035,834.4944943385823
1700518036,579.6158398927907
1700518037,933.9004370328361
1700518038,310.9357638885606
1700518039,306.74592907114874
1700518040,142.33385859859598
1700518041,364.50843821781797
1700518042,467.0896294210432
1700518043,172.65545228092435
1700518044,928.1318257106637
1700518045,909.2115236494413
1700518046,757.8724038182098
1700518047,473.69495850612697
1700518048,479.8485021307189
1700518049,551.0457357119832
1700518050,408.5504657625431
1700518051,750.0271809265051
1700518052,267.8657515207714
1700518053,777.2342362193118
1700518054,560.522448546335
1700518055,221.83013929545723
1700518056,673.4553576292055
1700518057,924.2150310029834
1700518058,174.78037685432864
1700518059,614.2357931787722
1700518060,762.0371039155141
1700518061,580.4646109897785
1700518062,900.7033715147645
1700518063,275.4354044642637
1700518064,477.0821885790259
1700518065,970.6253624862011
1700518066,226.61573326863095
1700518067,134.00134775486703
1700518068,749.3939869346311
1700518069,841.9972578921128
1700518070,681.5755662404479
1700518071,623.0811043730932
1700518072,978.1045038440373
1700518073,406.48432927820454
1700518074,172.1043082678391
1700518075,351.72843068928125
1700518076,248.49354212565896
1700518077,716.0925574916449
1700518078,469.5066768043415
1700518079,225.48801745092896
1700518080,869.2035033417628
1700518081,172.91655705704545
1700518082,542.9360447263333
1700518083,972.2683105907026
1700518084,405.06763891616964
1700518085,700.9358508089908
1700518086,367.0883894620223
1700518087,553.9227260102022
1700518088,952.3927261327592
1700518089,325.01562471946124
1700518090,798.4027134506431
1700518091,261.4813757044893
1700518092,528.3883515656721
1700518093,143.5663924221672
1700518094,354.25764750199335
1700518095,996.4900315752769
1700518096,897.5706583757984
1700518097,891.104143266278
1700518098,338.2825637031746
1700518099,356.87706459027925
1700518100,465.85686943509273
1700518101,750.675381656829
1700518102,159.35185044361546
1700518103,147.68869794712697
1700518104,564.9881112189425
1700518105,769.5740939294038
1700518106,257.2719033263112
1700518107,658.4224586810349
1700518108,354.7340604768717
1700518109,167.0895600130295
1700518110,745.3696956706433
1700518111,712.1815526450374
1700518112,944.5498647974679
1700518113,345.22478490343696
1700518114,727.1844531494523
1700518115,789.6214327907666
1700518116,579.1261502380514
1700518117,906.910402705312
1700518118,392.7287780959573
1700518119,770.1434938109943
1700518120,857.3739766115364
1700518121,464.074772761493
1700518122,928.1546869490355
1700518123,990.2419591280423
1700518124,186.22570207969193
1700518125,183.17040019723206
1700518126,794.1276607487918
1700518127,320.68045746829046
1700518128,655.5859769096922
1700518129,320.03555751111026
1700518130,249.54336500826187
1700518131,714.8236648864897
1700518132,475.84959707120913
1700518133,139.71380135272156
1700518134,180.20846432981716
1700518135,468.4886828252206
1700518136,466.16157939388137
1700518137,153.6128391152433
1700518138,743.0686116398739
1700518139,681.2832740055808
1700518140,383.53009560922897
1700518141,328.0464111269172
1700518142,405.9978175028577
1700518143,259.3933209099073
1700518144,294.1722071401562
1700518145,236.463225135684
1700518146,909.2895382959047
1700518147,139.9452170604515
1700518148,795.9429583597288
1700518149,559.6189815381782
1700518150,440.8239607425409
1700518151,357.51030334555054
1700518152,588.5908594563566
1700518153,810.7474152893883
1700518154,787.2103752213052
1700518155,356.63951197973904
1700518156,529.2750385082434
1700518157,808.5282550453322
1700518158,544.751470751896
1700518159,249.91167744104953
1700518160,957.7309507281872
1700518161,585.4373522914918
1700518162,839.3628058217511
1700518163,543.9392279074028
1700518164,850.7985686472261
1700518165,661.2793144096253
1700518166,826.5357078866791
1700518167,918.2057410294046
1700518168,970.8980841090463
1700518169,369.84289544785196
1700518170,586.4066002018349
1700518171,716.3999851767999
1700518172,177.50416542103022
1700518173,880.5204220855758
1700518174,230.41642390363856
1700518175,923.4088961215681
1700518176,945.9436173752197
1700518177,859.6192820301644
1700518178,249.2448497962231
1700518179,823.3150093347168
1700518180,545.7079358680014
1700518181,371.5995262323727
1700518182,236.3765170692185
1700518183,278.2273412941267
1700518184,874.0128425210105
1700518185,904.6293236628723
1700518186,534.0371563112774
1700518187,862.2467883906631
1700518188,956.8403754331712
1700518189,257.07200242215185
1700518190,913.3952404443385
1700518191,538.1547658385196
1700518192,298.2314440164074
1700518193,827.275988424506
1700518194,569.4833532941493
1700518195,997.2481272837507
1700518196,685.2394686173492
1700518197,574.7677639615013
1700518198,160.30191328789317
1700518199,536.4344629518075
1700518200,395.44158541411315
1700518201,396.1585276899394
1700518202,187.72055814734068
1700518203,749.2984519486492
1700518204,727.0417586056283
1700518205,848.7956695550718
1700518206,477.2959644659061
1700518207,576.284391154112
1700518208,830.5781902010725
1700518209,175.2703305939598
1700518210,392.1162165624406
1700518211,298.73230359854244
1700518212,836.0336221441863
1700518213,613.6405225904329
1700518214,131.39443777828106
1700518215,669.438675127248
1700518216,567.6240436123421
1700518217,912.5595594544683
1700518218,550.6899998294776
1700518219,417.6480711872985
1700518220,868.4443080573087
1700518221,639.4441785055943
1700518222,803.5717252947683
1700518223,242.60209423428813
1700518224,606.1774643634525
1700518225,372.98997127867244
1700518226,925.7654701956217
1700518227,577.7738770514134
1700518228,510.71206228363656
1700518229,941.4813558755686
1700518230,495.72071068691105
1700518231,954.9952622335419
1700518232,920.1874730338704
1700518233,122.30635639479982
1700518234,635.7005409049546
1700518235,577.7500007713081
1700518236,913.6311635755519
1700518237,185.95706350501894
1700518238,659.5117498878459
1700518239,271.0620636765592
1700518240,321.26460292336776
1700518241,637.4555561220276
1700518242,899.4320507771196
1700518243,573.4968929297456
1700518244,942.3999920746215
1700518245,481.30179013772204
1700518246,162.81699232631766
1700518247,990.9448585244908
1700518248,716.0854755022237
1700518249,203.00933737431575
1700518250,388.79983579719993
1700518251,931.6137710224491
1700518252,428.5086465097693
1700518253,892.9318279821642
1700518254,250.7687320882484
1700518255,661.2606899602051
1700518256,594.1299583078553
1700518257,607.225015342033
1700518258,181.77173603974268
1700518259,194.6695851800475
1700518260,414.2802697243556
1700518261,257.71316348118444
1700518262,406.8905776430357
1700518263,979.5353229448313
1700518264,778.041976207381
1700518265,696.1356437949365
1700518266,851.8378653119283
1700518267,751.9198094552451
1700518268,635.2767249411619
1700518269,926.2585296772472
1700518270,600.788435172032
1700518271,180.8699938475284
1700518272,592.1361443619448
1700518273,806.0358060152181
1700518274,850.0818565263498
1700518275,290.8761931664266
1700518276,428.5955429237174
1700518277,327.4531563398862
1700518278,779.4145402563662
1700518279,367.86714440284186
1700518280,114.73186849468385
1700518281,823.7734359648217
1700518282,629.6855078842117
1700518283,971.177751875988
1700518284,890.8314944256031
1700518285,459.4223373683504
1700518286,688.2107062445966
1700518287,834.1455797954687
1700518288,661.9374664257565
1700518289,951.6802073065048
1700518290,364.86927215843997
1700518291,506.6574561868608
1700518292,619.427825640679
1700518293,187.33013758263036
1700518294,653.0899582023535
1700518295,777.9003247620193
1700518296,194.01421334076804
1700518297,836.9232243458879
1700518298,919.0910692047199
1700518299,323.5838208298012
1700518300,976.4390150023684
1700518301,868.9452995180744
1700518302,549.3639045841859
1700518303,145.4961531668249
1700518304,370.1206268979282
1700518305,899.2079945279986
1700518306,961.7092135057345
1700518307,929.0946896929729
1700518308,692.4905336783074
1700518309,598.7541580084824
1700518310,282.06492192350026
1700518311,425.2557339165141
1700518312,565.6533051117158
1700518313,479.9327795051789
1700518314,661.3494568613778
1700518315,138.49273890658088
1700518316,457.511758240401
1700518317,379.80795512132437
1700518318,214.93548806143315
1700518319,954.3071995386047
1700518320,629.3778218152709
1700518321,892.8151909220885
1700518322,509.49100193028534
1700518323,211.21299832051102
1700518324,355.1427398563188
1700518325,950.7842459062638
1700518326,540.0329584611806
1700518327,217.3977487379047
1700518328,834.9268773141232
1700518329,166.13143333742704
1700518330,148.58740687678673
1700518331,687.9094149234088
1700518332,946.3793150388913
1700518333,282.79573408310125
1700518334,136.71829664973012
1700518335,924.1881240625406
1700518336,894.2472918807554
1700518337,227.79819261226314
1700518338,983.2392864844562
1700518339,186.81112602120504
1700518340,131.01425146801856
1700518341,778.0257489124405
1700518342,171.01213305178806
1700518343,824.363943356063
1700518344,594.974097396245
1700518345,739.0867873603622
1700518346,143.58215737226016
1700518347,755.5723891397735
1700518348,250.55285046968658
1700518349,178.74745846978675
1700518350,608.6399087138554
1700518351,267.0214706834516
1700518352,671.4531751251268
1700518353,682.4564547646919
1700518354,159.54353666430458
1700518355,482.762367413116
1700518356,990.9290463076683
1700518357,303.8388292796441
1700518358,872.8371743557382
1700518359,993.2876086625429
1700518360,792.9510163174647
1700518361,984.3290228773434
1700518362,721.2938621650839
1700518363,827.34068170887
1700518364,389.55765508754456
1700518365,626.4424743564548
1700518366,238.3572623509244
1700518367,457.7440566351582
1700518368,104.31127803578426
1700518369,101.42984539667893
1700518370,768.0768591602474
1700518371,161.74672106524855
1700518372,411.7682616538817
1700518373,494.557058890497
1700518374,949.8893089017407
1700518375,630.6690358683977
1700518376,149.32328847503965
1700518377,923.1848691096676
1700518378,225.65565099131
1700518379,779.1871582996247
1700518380,197.2683959341397
1700518381,879.491618123064
1700518382,349.22445091324903
1700518383,412.3359185034405
1700518384,929.6517914547624
1700518385,364.52265684981217
1700518386,494.4142590216243
1700518387,865.8373969183676
1700518388,201.83302393914005
1700518389,911.1233490402449
1700518390,388.39269677128647
1700518391,104.41314423754784
1700518392,755.0385227384288
1700518393,501.5035154712979
1700518394,478.57422371467317
1700518395,654.8053486520871
1700518396,498.4197411889959
1700518397,914.2553915361093
1700518398,265.52626443140275
1700518399,965.8216800419341
1700518400,409.1831176771876
1700518401,162.53696745953079
1700518402,608.9581965514046
1700518403,328.02776830524596
1700518404,573.1385332802902
1700518405,683.1731928346893
1700518406,843.287201609651
1700518407,123.91668205733671
1700518408,205.83485932051093
1700518409,682.6643938084003
1700518410,499.4683625206724
1700518411,677.6894431448416
1700518412,969.5417090120336
1700518413,388.7523471838115
1700518414,819.9626740322216
1700518415,230.6986242827874
1700518416,936.2045058075843
1700518417,111.76192359272551
1700518418,873.257065180819
1700518419,218.4089477781483
1700518420,987.7395996651161
1700518421,698.407743029434
1700518422,918.3048586537435
1700518423,439.8984708260398
1700518424,422.2668171874753
1700518425,612.6993117598258
1700518426,488.65638458071487
1700518427,796.0024527588462
1700518428,260.33383175041865
1700518429,457.34272352461403
1700518430,569.8434971152075
1700518431,175.5433138589768
1700518432,697.2387152571903
1700518433,929.9923438709967
1700518434,459.49199480600055
1700518435,713.9649703173922
1700518436,366.0099789141771
1700518437,139.95163840960421
1700518438,225.75994555912183
1700518439,344.7534022404354
1700518440,802.3968469204395
1700518441,474.75833895710895
1700518442,522.0531099145875
1700518443,166.06550660970765
1700518444,467.7076290374956
1700518445,520.2104000419354
1700518446,344.69280564165126
1700518447,145.60941920232258
1700518448,516.3910596075833
1700518449,934.6381438780854
1700518450,263.97351968196404
1700518451,518.9167250601315
1700518452,740.2146367858579
1700518453,950.9087303147755
1700518454,475.39778607103693
1700518455,893.6182591624259
1700518456,178.6750444223615
1700518457,914.3103254762061
1700518458,332.1181507042327
1700518459,398.1330809367342
1700518460,929.9985866786907
1700518461,222.44300189797366
1700518462,282.58489324381765
1700518463,742.1836815392944
1700518464,521.1297973739954
1700518465,448.2108582432175
1700518466,461.7111430448887
1700518467,277.367729813292
1700518468,179.3941004333105
1700518469,163.48918444076634
1700518470,528.1153322823785
1700518471,152.31618916630592
1700518472,647.0814557440661
1700518473,501.7519179880103
1700518474,847.5191202072705
1700518475,809.2666742045188
1700518476,656.3930621101438
1700518477,837.4236715293802
1700518478,308.19597732738504
1700518479,521.9878597183342
1700518480,779.6770674592477
1700518481,106.06306265655779
1700518482,909.7603834563934
1700518483,382.6063228181733
1700518484,607.6799943549133
1700518485,611.0096660622805
1700518486,642.0293924924277
1700518487,215.3159626775664
1700518488,942.7433574216518
1700518489,440.5426935393263
1700518490,970.4760404132695
1700518491,464.6813729738854
1700518492,129.0184341015243
1700518493,443.9764598811999
1700518494,478.39611787879375
1700518495,922.3853001356221
1700518496,945.3589703966404
1700518497,386.7269200806957
1700518498,497.2888882078951
1700518499,234.90032520154557
1700518500,525.3778815789206
1700518501,765.8958303108617
1700518502,489.5053622919725
1700518503,819.1768628142152
1700518504,471.0688260764698
1700518505,925.7039429944218
1700518506,841.8330473623851
1700518507,114.8911664269009
1700518508,930.7873044184022
1700518509,865.5163823714814
1700518510,876.2748131036236
1700518511,603.0044194439304
1700518512,885.0912328532224
1700518513,205.23684119933085
1700518514,699.53402200045
1700518515,600.7269872548379
1700518516,971.5328794135739
1700518517,848.7319361024046
1700518518,648.2839112874158
1700518519,830.4649861614689
1700518520,295.5868751189288
1700518521,922.1096416438077
1700518522,689.6775407659918
1700518523,327.60058438556575
1700518524,340.96974886456314
1700518525,165.22938891818822
1700518526,806.9172877683352
1700518527,587.8208770940115
1700518528,823.3675059269252
1700518529,263.38628584684034
1700518530,790.4795015280744
1700518531,352.0099048839909
1700518532,530.5282439627886
1700518533,633.9358928921587
1700518534,873.1892368542394
1700518535,885.1084567781301
1700518536,714.0013405103141
1700518537,318.21309586760015
1700518538,349.8905059046043
1700518539,250.08474667838874
1700518540,294.1583457787348
1700518541,133.5349369321809
1700518542,562.3049656562412
1700518543,600.652700671651
1700518544,645.5841109849126
1700518545,220.98690817222436
1700518546,162.43695566226907
1700518547,591.3671254159522
1700518548,424.5414940724242
1700518549,825.5261187002388
1700518550,938.4846293744505
1700518551,752.2783376934293
1700518552,976.7829986497921
1700518553,534.1863991213158
1700518554,425.78555065088176
1700518555,382.5848635878817
1700518556,594.9873489521125
1700518557,266.49957294761873
1700518558,580.5278332910841
1700518559,239.48675620550424
1700518560,926.2819880601994
1700518561,202.8849009025448
1700518562,524.3346438461051
1700518563,197.95956914865496
1700518564,732.3659451679272
1700518565,735.716465917001
1700518566,480.9346136216831
1700518567,448.4505215865834
1700518568,628.2696125231914
1700518569,530.6759102504462
1700518570,813.9276169144956
1700518571,167.56442835539815
1700518572,535.0137527546542
1700518573,634.0120991374102
1700518574,994.4736483992764
1700518575,485.02258574527195
1700518576,431.2952272040283
1700518577,455.9671118189234
1700518578,613.6823292459525
1700518579,635.3504980683703
1700518580,287.52763125448337
1700518581,883.4782115810658
1700518582,694.2429214125099
1700518583,552.4681434970419
1700518584,933.301672880301
1700518585,723.8833946108825
1700518586,811.6774746941566
1700518587,228.06429495088616
1700518588,243.47188078331044
1700518589,154.37938429324626
1700518590,407.9779808080807
1700518591,428.1396777620568
1700518592,538.2464210284047
1700518593,361.80881602073003
1700518594,624.9652149764722
1700518595,990.977727923085
1700518596,492.05756619330344
1700518597,420.6974682801261
1700518598,359.5210661801839
1700518599,949.6084273132421
1700518600,539.5111241997507
1700518601,292.2221195474277
1700518602,707.5992451291941
1700518603,406.6605449785936
1700518604,215.73540323615808
1700518605,939.0283440856717
1700518606,614.6221136797259
1700518607,965.0477783843326
1700518608,588.1149583575798
1700518609,517.5837270546078
1700518610,403.764519321515
1700518611,583.8381983706793
1700518612,701.481184995007
1700518613,472.3711919963843
1700518614,615.9546440893566
1700518615,619.3997319379806
1700518616,260.3125507302274
1700518617,682.9123656135114
1700518618,262.15026318732555
1700518619,630.8982194235813
1700518620,785.5966623086769
1700518621,752.7179961748712
1700518622,655.1855824138457
1700518623,436.36501941127966
1700518624,937.3559490930005
1700518625,224.70094562054885
1700518626,425.8940022249557
1700518627,485.62202675670244
1700518628,899.2031134154863
1700518629,749.1281472630516
1700518630,298.01045684356103
1700518631,155.42441491044178
1700518632,536.9644505017811
1700518633,354.79077241014875
1700518634,282.10404039379455
1700518635,858.9063195616952
1700518636,725.9431141478854
1700518637,462.88506486991696
1700518638,294.85104377711923
1700518639,203.62021739268712
1700518640,488.9658120443266
1700518641,562.5820938244281
1700518642,828.9467544004842
1700518643,594.8245401261056
1700518644,637.3254713945204
1700518645,578.9621199454791
1700518646,523.3455942317765
1700518647,592.2742694533715
1700518648,678.548605169501
1700518649,520.8080360623567
1700518650,989.2753348470211
1700518651,807.2907922979259
1700518652,294.19983866198413
1700518653,418.9420236918463
1700518654,775.7130367074877
1700518655,997.0733185806804
1700518656,411.4991092121269
1700518657,754.2720656480151
1700518658,555.6342447183055
1700518659,987.7459931617267
1700518660,976.8364751988289
1700518661,808.41176472706
1700518662,814.9037727533936
1700518663,391.7299415427221
1700518664,402.0873637518255
1700518665,858.3390675388964
1700518666,131.2777165140078
1700518667,249.52990604208804
1700518668,305.26531047869446
1700518669,929.0956359363022
1700518670,151.93935568202926
1700518671,783.7087110400103
1700518672,238.51173038480889
1700518673,653.8234691235147
1700518674,748.7205786176428
1700518675,537.9851449269811
1700518676,256.4961837907824
1700518677,250.45077592738306
1700518678,347.8378939819111
1700518679,483.5812261088129
1700518680,670.3986983627673
1700518681,866.0568014986621
1700518682,166.68392147781876
1700518683,798.1267220453974
1700518684,579.4001450556575
1700518685,873.93762202586
1700518686,461.46850980455145
1700518687,298.2115825001356
1700518688,462.6038344599963
1700518689,998.8553633649391
1700518690,569.508719161468
1700518691,662.8789299828321
1700518692,647.0436035906827
1700518693,843.8909351669741
1700518694,234.44815038639064
1700518695,645.2386636411889
1700518696,402.45076455678685
1700518697,554.2131194840026
1700518698,378.7337881548296
1700518699,262.1897292400241
1700518700,321.4934543313805
1700518701,193.7922919411538
1700518702,161.92776281956603
1700518703,305.34189233780324
1700518704,353.98683943171386
1700518705,985.2515541565108
1700518706,369.3472828444572
1700518707,526.042361594954
1700518708,814.511852224561
1700518709,583.5229703789516
1700518710,267.38691822369174
1700518711,599.835413926275
1700518712,160.48164253263033
1700518713,335.37955158409005
1700518714,992.2696913186762
1700518715,841.6412230618486
1700518716,547.453087169368
1700518717,381.5043371599873
1700518718,379.8539916634102
1700518719,624.9115363373542
1700518720,301.5216847290653
1700518721,635.2580207637374
1700518722,543.4356075435131
1700518723,992.3824726944734
1700518724,728.7936496441718
1700518725,716.786041827863
1700518726,846.5099871075171
1700518727,360.1193338183567
1700518728,146.56231187792687
1700518729,626.4965114175307
1700518730,653.561454886202
1700518731,656.4994004239319
1700518732,306.0623501994363
1700518733,195.85643307670028
1700518734,359.080777458143
1700518735,552.434316672564
1700518736,644.4118931116963
1700518737,918.5165811454934
1700518738,365.74529366011365
1700518739,504.3049868788704
1700518740,907.8619173263635
1700518741,146.62581945429042
1700518742,283.7111119793527
1700518743,708.0153675987517
1700518744,423.7880140336602
1700518745,321.1885409598969
1700518746,514.1294997774419
1700518747,933.535114147449
1700518748,965.4709257903922
1700518749,633.2918955456701
1700518750,593.0066217728947
1700518751,890.7537128386537
1700518752,562.129896212395
1700518753,343.45460854265167
1700518754,462.18071476467316
1700518755,805.726587303319
1700518756,724.9675729706545
1700518757,746.6049510793634
1700518758,329.76526224535957
1700518759,485.4210541938839
1700518760,986.8119066436177
1700518761,773.1401257679973
1700518762,555.1527378286088
1700518763,940.3083427268247
1700518764,153.09445010226756
1700518765,989.4990977139724
1700518766,634.4371181322048
1700518767,555.9024243676445
1700518768,889.8788261474147
1700518769,361.5024909968256
1700518770,260.95502743640077
1700518771,268.1023256972842
1700518772,940.1117708763724
1700518773,975.4137266176193
1700518774,204.8011255642924
1700518775,247.88144759185056
1700518776,287.8285209852726
1700518777,205.5371164549972
1700518778,609.2966839668486
1700518779,491.4804065412493
1700518780,231.77049007838383
1700518781,644.4581564239014
1700518782,204.2346538756559
1700518783,647.9179446625792
1700518784,445.8942337209115
1700518785,701.19053049127
1700518786,370.4239300405236
1700518787,689.2726906778289
1700518788,418.706862584256
1700518789,637.2325888305503
1700518790,898.7731024989164
1700518791,429.5092975125528
1700518792,814.7585538205324
1700518793,145.0957432452753
1700518794,240.22703723311497
1700518795,756.0868093162861
1700518796,176.43710996226315
1700518797,116.10004179334874
1700518798,373.6524320771095
1700518799,653.4704307653019
1700518800,511.9255626343169
1700518801,656.7148182874859
1700518802,919.6161041711256
1700518803,565.3775028489154
1700518804,479.1818629518527
1700518805,761.2363352967932
1700518806,621.280862917044
1700518807,516.0130799178341
1700518808,832.9309452066555
1700518809,137.716895437311
1700518810,520.3953757669376
1700518811,266.4307552808121
1700518812,604.4365751947009
1700518813,837.1125312795095
1700518814,357.5271802090878
1700518815,651.4432874305983
1700518816,755.0949194092309
1700518817,895.2534853291097
1700518818,313.7879279586581
1700518819,584.6506789327814
1700518820,500.52584211684047
1700518821,645.0056289540638
1700518822,355.5994297077645
1700518823,950.1349267697445
1700518824,313.8420785274436
1700518825,675.8543192017754
1700518826,369.4770366317525
1700518827,903.5254742374841
1700518828,814.9249945471196
1700518829,954.5843325545702
1700518830,463.35403589470553
1700518831,647.8228656381779
1700518832,345.0819708125737
1700518833,194.741262606992
1700518834,101.99019648558395
1700518835,789.2153500941317
1700518836,507.49759388832666
1700518837,106.61229261475327
1700518838,903.3381179792415
1700518839,536.2756827157218
1700518840,764.2977681703575
1700518841,316.47560627364203
1700518842,406.17046760408147
1700518843,100.62850941873262
1700518844,957.0466590038568
1700518845,811.4086366906439
1700518846,995.2641999485859
1700518847,395.95739517577005
1700518848,986.8383425040527
1700518849,520.1522922942644
1700518850,260.09975493420166
1700518851,759.573663064771
1700518852,607.753228551968
1700518853,932.9033473827167
1700518854,429.6668022497822
1700518855,463.02972984770673
1700518856,451.37951763828414
1700518857,441.05163808932167
1700518858,298.31505096052325
1700518859,320.03055545877976
1700518860,673.6432822750988
1700518861,564.5442763000174
1700518862,480.3592634485513
1700518863,974.9578291948693
1700518864,996.6018307354392
1700518865,911.1725545187747
1700518866,349.8026081602363
1700518867,812.7441501662533
1700518868,997.2029461709931
1700518869,169.1691656255217
1700518870,766.975474927016
1700518871,907.5081009726509
1700518872,630.8602618340578
1700518873,305.305601017421
1700518874,505.24365529009964
1700518875,896.9832630646738
1700518876,184.72128613851075
1700518877,680.07452320378
1700518878,940.3990213935556
1700518879,624.5982645989891
1700518880,793.0618670620455
1700518881,841.6889176847693
1700518882,847.7812051754876
1700518883,925.6200188723676
1700518884,444.3913150234858
1700518885,621.9604604569868
1700518886,819.2377964601382
1700518887,922.6697255279408
1700518888,482.56546045030245
1700518889,746.0748064263219
1700518890,852.0214229903638
1700518891,117.2582602645067
1700518892,173.56245328485267
1700518893,843.09045220759
1700518894,322.50544224641214
1700518895,913.3467762612455
1700518896,236.84364475623022
1700518897,947.5971129899555
1700518898,309.54754878610964
1700518899,839.2817452749096
1700518900,940.8249169968353
1700518901,951.1577829805419
1700518902,506.5056726985058
1700518903,819.5245059958594
1700518904,811.9444313841935
1700518905,650.4052659393889
1700518906,836.0013952314296
1700518907,840.1429741403093
1700518908,460.8382297635332
1700518909,389.72143896154785
1700518910,779.7336153052073
1700518911,811.359066774735
1700518912,428.6403369331262
1700518913,975.5131567988523
1700518914,277.63361866005255
1700518915,855.5001393505074
1700518916,646.7168727933981
1700518917,504.067206979485
1700518918,277.9636982482725
1700518919,376.3392059213531
1700518920,972.9083911326853
1700518921,639.4562243818182
1700518922,187.1849895245752
1700518923,810.6765937534868
1700518924,405.70642347118746
1700518925,125.64121050671837
1700518926,611.7814989987885
1700518927,560.4404106534586
1700518928,539.7835755118706
1700518929,140.36199678926226
1700518930,633.2605357664368
1700518931,348.27589624335064
1700518932,990.9548341740201
1700518933,661.7550870402301
1700518934,265.29141277592225
1700518935,726.2428928125634
1700518936,376.412863744529
1700518937,102.74590481483965
1700518938,112.9725792506461
1700518939,701.9356186807488
1700518940,510.34544235827383
1700518941,960.6359305155938
1700518942,592.504186895051
1700518943,708.7174490475932
1700518944,914.8998950788371
1700518945,940.8072435509318
1700518946,692.8109207787294
1700518947,685.1015721083131
1700518948,605.7764403292166
1700518949,683.6190309177127
1700518950,117.88512362937999
1700518951,286.59677245564285
1700518952,231.872419025386
1700518953,382.92248564729056
1700518954,311.984904487472
1700518955,304.4394762541626
1700518956,944.8548408573334
1700518957,548.2391003034543
1700518958,270.1410800338998
1700518959,809.3142780932725
1700518960,490.64951688074757
1700518961,397.3087492130705
1700518962,559.0615464946031
1700518963,193.38922108380396
1700518964,524.3147141585843
1700518965,916.033055346123
1700518966,101.90513509136449
1700518967,675.7358099602466
1700518968,367.957568896803
1700518969,227.4670636366221
1700518970,716.2164815759161
1700518971,237.96715775269837
1700518972,106.02034682177717
1700518973,810.8371474298089
1700518974,852.5729191871905
1700518975,538.1409162959155
1700518976,491.05651893157335
1700518977,862.3278091176073
1700518978,689.1220398109311
1700518979,925.2450588461196
1700518980,547.2066136023218
1700518981,372.0035596517117
1700518982,623.7868712345783
1700518983,188.32143292135675
1700518984,635.7880042466061
1700518985,825.410221775541
1700518986,509.4850566544676
1700518987,783.011218492978
1700518988,142.94253416529864
1700518989,606.806653782945
1700518990,178.776000653815
1700518991,444.6694685185342
1700518992,500.6115477034066
1700518993,588.931399404564
1700518994,516.785426940799
1700518995,102.2899689544408
1700518996,727.2590253517619
1700518997,853.2884923375423
1700518998,153.59663151573312
1700518999,969.4304586375308
1700519000,265.9975664379379
1700519001,612.1643334104499
1700519002,595.9363558714894
1700519003,664.8430531902015
1700519004,598.4007912408831
1700519005,477.51827252996827
1700519006,150.35661953524786
1700519007,595.9794031676855
1700519008,605.2078274552402
1700519009,703.2596022813134
1700519010,668.3193588320358
1700519011,529.5745759240274
1700519012,393.21395235229437
1700519013,582.2176027998526
1700519014,199.775173826221
1700519015,684.973431474783
1700519016,343.3100852947495
1700519017,547.6408902593947
1700519018,405.8988211880278
1700519019,986.7367221928653
1700519020,357.6551336940034
1700519021,687.4281273933175
1700519022,265.3540108371464
1700519023,966.513939842994
1700519024,499.73687906183386
1700519025,270.60879451678636
1700519026,154.57257897390633
1700519027,580.6794814286284
1700519028,343.8083727948691
1700519029,361.5307010854314
1700519030,668.0916319544875
1700519031,826.2196951928534
1700519032,273.3807156204746
1700519033,785.9214987969549
1700519034,316.1478176954456
1700519035,217.3390654394175
1700519036,588.1604616541933
1700519037,983.0247052780476
1700519038,662.1378519515808
1700519039,744.5551509572399
1700519040,967.6851810060405
1700519041,684.367540928744
1700519042,691.6597761310203
1700519043,765.7796328476597
1700519044,556.2607362972725
1700519045,774.5456667948763
1700519046,912.4986147210687
1700519047,223.66647281910198
1700519048,807.1471886282801
1700519049,454.8916511391909
1700519050,716.3119824781837
1700519051,455.9538546942095
1700519052,645.9315568440873
1700519053,194.19826148987994
1700519054,343.5697607830561
1700519055,328.4149516958638
1700519056,808.7716324765403
1700519057,248.47281448403146
1700519058,216.30261894957414
1700519059,795.5158549322207
1700519060,705.4765922942389
1700519061,637.7110785577387
1700519062,371.55903703672055
1700519063,629.1463510600826
1700519064,234.31100418329592
1700519065,698.225792981633
1700519066,974.8304892714116
1700519067,499.3316653557276
1700519068,305.4017111912482
1700519069,335.0570864940412
1700519070,865.0828178808086
1700519071,699.6246203755848
1700519072,792.0937291565028
1700519073,218.81507483359653
1700519074,860.2907240113194
1700519075,484.42852255099484
1700519076,976.3620872745473
1700519077,374.96631363367965
1700519078,805.9369130447291
1700519079,680.6347011814304
1700519080,607.179559647702
1700519081,900.4870692651343
1700519082,704.652362890032
1700519083,829.855844608928
1700519084,388.96548802154643
1700519085,508.36953275853324
1700519086,724.3340495294256
1700519087,735.3847270507455
1700519088,503.34066130130736
1700519089,509.9810632814035
1700519090,186.04586717562427
1700519091,418.66506379819873
1700519092,851.2898686425488
1700519093,777.457193787017
1700519094,347.48412948220397
1700519095,106.70127738679527
1700519096,294.49936207420217
1700519097,458.7508507930335
1700519098,810.7324726500309
1700519099,205.81195467394704
1700519100,907.1300767708428
1700519101,281.7780644133662
1700519102,194.42303412304318
1700519103,419.71716614143014
1700519104,717.9863184210802
1700519105,922.4514257456374
1700519106,758.0625806436956
1700519107,896.7387890550592
1700519108,999.6713884961163
1700519109,340.2831256934934
1700519110,488.6160936328713
1700519111,373.61776590826844
1700519112,759.8760386268511
1700519113,127.62210819656082
1700519114,759.4122388818897
1700519115,825.3947612629403
1700519116,338.05240082755836
1700519117,284.8489726296031
1700519118,354.21961952590044
1700519119,597.4821401896885
1700519120,257.766366004343
1700519121,162.98547203221216
1700519122,186.47519372542467
1700519123,524.246003685794
1700519124,771.3913108062734
1700519125,586.6508271880434
1700519126,277.15125417267245
1700519127,218.40469519088606
1700519128,420.7385380722339
1700519129,564.206753660306
1700519130,621.9668894721631
1700519131,134.13662635691765
1700519132,886.6875995165968
1700519133,625.0508857478821
1700519134,912.2796977723751
1700519135,670.9616456914106
1700519136,950.0868926852903
1700519137,336.6136014395673
1700519138,360.58908126835996
1700519139,888.8114603723025
1700519140,545.2059174331223
1700519141,117.71360058688546
1700519142,949.5679762515919
1700519143,911.7611613168946
1700519144,745.8063076260181
1700519145,845.3264093773743
1700519146,808.3950382732052
1700519147,321.50151928014145
1700519148,705.8578724813899
1700519149,451.0068819921043
1700519150,350.3958383495453
1700519151,937.6479497582511
1700519152,835.536048761808
1700519153,832.477172874323
1700519154,774.279355839182
1700519155,659.4326649098997
1700519156,364.83660167284654
1700519157,211.01002950405044
1700519158,132.67546548037708
1700519159,710.7452625557906
1700519160,709.0813713764662
1700519161,168.05669336921227
1700519162,581.6879954409922
1700519163,906.7259726591894
1700519164,487.87345666954616
1700519165,361.23957335506253
1700519166,159.9803603792269
1700519167,816.4815219547613
1700519168,865.97993917801
1700519169,495.5430693060136
1700519170,960.7643376088126
1700519171,244.10717301026483
1700519172,444.51553588693423
1700519173,363.7027224134572
1700519174,100.42511410543538
1700519175,320.6866539224286
1700519176,927.5736127023574
1700519177,474.9412002684376
1700519178,698.6686014367924
1700519179,730.3323955229886
1700519180,545.4548108497539
1700519181,529.9256986487426
1700519182,121.12147371861082
1700519183,961.9145533790918
1700519184,368.7275702818707
1700519185,808.0301868518069
1700519186,509.4781036930243
1700519187,257.8116228573665
1700519188,924.7217313747584
1700519189,587.6828655856295
1700519190,769.4351148649646
1700519191,989.6843010236147
1700519192,260.89095326357204
1700519193,297.57704306492263
1700519194,873.6942018528644
1700519195,202.43318849632854
1700519196,418.5517005390655
1700519197,553.5460966878483
1700519198,368.33020061506284
1700519199,753.996782467488
1700519200,334.61461001354485
1700519201,943.3644174308428
1700519202,231.35829048666707
1700519203,788.5053036191265
1700519204,293.9833119469411
1700519205,980.4902975846644
1700519206,928.7697164928298
1700519207,197.64251361665208
1700519208,284.1000498093416
1700519209,493.42937521814815
1700519210,783.7122960826666
1700519211,131.12246514710918
1700519212,901.5790292935505
1700519213,290.1534509672697
1700519214,571.6441689956556
1700519215,190.6460762175244
1700519216,888.8632555944415
1700519217,626.1666591638885
1700519218,741.4490438695907
1700519219,310.8037892378894
1700519220,743.3619916671439
1700519221,567.2606044111354
1700519222,966.1222226455764
1700519223,146.58740516025858
1700519224,390.3170880644083
1700519225,447.95206546899107
1700519226,495.5845539680396
1700519227,599.8176668776493
1700519228,533.3568983588855
1700519229,883.0540346561121
1700519230,210.46235418411587
1700519231,686.5700154461296
1700519232,923.0380706006023
1700519233,660.2306261958735
1700519234,765.3057659746061
1700519235,542.1155016551099
1700519236,853.1590760589257
1700519237,542.8463024757501
1700519238,767.4011619484767
1700519239,188.89745482098522
1700519240,144.21529402512266
1700519241,586.3854934206059
1700519242,262.0094190614565
1700519243,290.69834910203406
1700519244,477.95261842244156
1700519245,628.7747213432224
1700519246,351.48472790147787
1700519247,733.7769903101123
1700519248,921.265407486909
1700519249,303.4908752427526
1700519250,619.9426292144014
1700519251,628.7936422013596
1700519252,257.9747637916179
1700519253,453.03057012481196
1700519254,462.25831223852475
1700519255,156.2621468031837
1700519256,404.8516057480191
1700519257,168.28795992190368
1700519258,653.9630132876379
1700519259,152.95503070419377
1700519260,316.51146952542217
1700519261,414.3120043556387
1700519262,834.4872776614643
1700519263,276.05321451152963
1700519264,150.66474783773242
1700519265,309.2598199222658
1700519266,566.1884938848602
1700519267,179.30016974688345
1700519268,202.5786184027063
1700519269,526.9922616894746
1700519270,993.9816826435061
1700519271,978.097325504065
1700519272,506.03424456367696
1700519273,946.4285559232962
1700519274,955.2134913640194
1700519275,713.3073517433157
1700519276,861.2380573562066
1700519277,945.0286218373307
1700519278,758.178845570019
1700519279,491.2068195465686
1700519280,436.17682296980263
1700519281,138.20135472127262
